Without Forward Check
=====================

N	problem instance	Constraint	variable assignments	running time(ms)
========================================================================================
4		1		5			4			1
4		2		5			4			0
5		1		7			5			0
5		2		8			5			1
6		1		10			6			1	
6		2		9			6			1
6		3		11			6			1
7		1		12			7			0
7		2		13			7			1
8		1		17			8			0
8		2		15			8			1
8		3		14			8			0
8		4		16			8			1
9		1		18			9			1
9		2		19			9			1
9		3		17			9			16
9		4		21			9			1
10		1		21			10			1
10		2		20			10			1
10		3		22			115			5	(backtrack)
10		4		19			10			1
10		5		21			10			1
11		1		24			11			1
11		2		23			11			1
11		3		25			113			3	(backtrack)
11		4		22			305			14	(backtrack)
12		1		26			12			1
12		2		28			12			1
13		1		28			13			1
15		1		33			15			1
17		1		37			17			1
17		2		38			17			1
20		1		46			20			1
25		1		61			25			1
30		1		79			3399			94	(backtrack)
35		1		91			35			1
45		1		121			6031			154	(backtrack)
55		1		149			888222			1857	(backtrack)

With Forward Check
=====================

N	problem instance	Constraint	variable assignments	running time(ms)
========================================================================================
4		1		5			4			1
4		2		5			4			1
5		1		7			5			1
5		2		8			5			2
6		1		10			6			19
6		2		9			6			1
6		3		11			6			2
7		1		12			7			2
7		2		13			7			1
8		1		17			8			2
8		2		15			8			2
8		3		14			8			2
8		4		16			8			2
9		1		18			9			2
9		2		19			9			2
9		3		17			9			1
9		4		21			9			2
10		1		21			10			2
10		2		20			10			1
10		3		22			0			0	(backtrack)
10		4		19			10			2
10		5		21			10			3
11		1		24			11			2
11		2		23			11			2
11		3		25			4			1	(backtrack)
11		4		22			5			1	(backtrack)
12		1		26			12			2
12		2		28			12			2
13		1		28			13			3
15		1		33			15			3
17		1		37			17			2
17		2		38			17			2
20		1		46			20			2
25		1		61			25			2
30		1		79			8			2	(backtrack)
35		1		91			35			5
45		1		121			16			5	(backtrack)
55		1		149			102			14	(backtrack)



